10/04/20,17:41:01,470,41,532,15,650,52,516
10/04/20,17:41:02,470,37,532,28,650,52,516
10/04/20,17:41:03,470,35,532,36,650,54,516
10/04/20,17:41:04,470,38,532,45,650,54,516
10/04/20,17:41:05,470,36,532,32,650,55,516
10/04/20,17:41:06,470,39,532,12,650,52,516
10/04/20,17:41:08,470,36,532,21,650,54,516
10/04/20,17:41:09,470,35,532,29,650,53,516
10/04/20,17:41:10,470,37,532,53,650,54,516
10/04/20,17:41:11,470,45,532,76,650,53,516
10/04/20,17:41:12,470,35,532,59,650,54,516
10/04/20,17:41:13,470,35,532,32,650,50,516
10/04/20,17:41:14,470,38,532,55,650,54,516
10/04/20,17:41:15,470,39,532,28,650,52,516
10/04/20,17:41:17,470,37,532,32,650,51,516
10/04/20,17:41:18,470,50,532,80,650,52,516
10/04/20,17:41:19,470,46,532,94,650,56,516
10/04/20,17:41:20,470,44,532,88,650,54,516
10/04/20,17:41:21,470,49,532,74,650,52,516
10/04/20,17:41:22,470,45,532,49,650,54,516
10/04/20,17:41:23,470,39,532,30,650,54,516
10/04/20,17:41:24,470,46,532,78,650,54,516
10/04/20,17:41:26,470,47,532,80,650,57,516
10/04/20,17:41:27,470,46,532,71,650,53,516
10/04/20,17:41:28,470,41,532,41,650,51,516
10/04/20,17:41:29,470,42,532,22,650,53,516
10/04/20,17:41:30,470,48,532,76,650,54,516
10/04/20,17:41:31,470,43,532,55,650,53,516
10/04/20,17:41:32,470,46,532,42,650,53,516
10/04/20,17:41:34,470,40,532,41,650,52,516
10/04/20,17:41:35,470,49,532,63,650,53,516
10/04/20,17:41:36,470,49,532,39,650,54,516
10/04/20,17:41:37,470,30,532,51,650,51,516
10/04/20,17:41:38,470,47,532,69,650,52,516
10/04/20,17:41:39,470,56,532,91,650,54,516
10/04/20,17:41:40,470,52,532,82,650,53,516
10/04/20,17:41:41,470,55,532,76,650,54,516
10/04/20,17:41:43,470,44,532,96,650,54,516
10/04/20,17:41:44,470,44,532,99,650,54,516
10/04/20,17:41:45,470,51,532,102,650,55,516
10/04/20,17:41:46,470,26,532,71,650,52,516
10/04/20,17:41:47,470,53,532,68,650,56,516
10/04/20,17:41:48,470,28,532,90,650,51,516
10/04/20,17:41:49,470,26,532,77,650,51,516
10/04/20,17:41:50,470,54,532,75,650,55,516
10/04/20,17:41:52,470,57,532,105,650,55,516
10/04/20,17:41:53,470,63,532,103,650,53,516
10/04/20,17:41:54,470,45,532,98,650,50,516
10/04/20,17:41:55,470,59,532,99,650,53,516
10/04/20,17:41:56,470,51,532,100,650,54,516
10/04/20,17:41:57,470,44,532,91,650,54,516
10/04/20,17:41:58,470,60,532,105,650,54,516
10/04/20,17:41:59,470,49,532,101,650,55,516
10/04/20,17:42:01,470,65,532,114,650,54,516
10/04/20,17:42:02,470,11,532,5,650,50,516
10/04/20,17:42:03,470,11,532,89,650,50,516
10/04/20,17:42:04,470,18,532,-5,650,50,516
10/04/20,17:42:05,470,76,532,102,650,55,516
10/04/20,17:42:06,470,42,532,32,650,51,516
10/04/20,17:42:07,470,51,532,74,650,54,516
10/04/20,17:42:09,470,17,532,-3,650,50,516
10/04/20,17:42:10,470,51,532,98,650,53,516
10/04/20,17:42:20,470,25,532,115,650,49,516
10/04/20,17:42:21,470,87,532,93,650,59,516
10/04/20,17:42:22,470,73,532,113,650,54,516
10/04/20,17:42:23,470,70,532,116,650,54,516
10/04/20,17:42:24,470,63,532,111,650,55,516
10/04/20,17:42:25,470,60,532,107,650,55,516
10/04/20,17:42:27,470,32,532,90,650,51,516
10/04/20,17:42:28,470,69,532,103,650,56,516
10/04/20,17:42:29,470,50,532,96,650,51,516
10/04/20,17:42:30,470,76,532,100,650,55,516
10/04/20,17:42:31,470,-5,532,89,650,48,516
10/04/20,17:42:32,470,96,532,16,650,60,516
10/04/20,17:42:33,470,58,532,65,650,57,516
10/04/20,17:42:34,470,7,532,51,650,48,516
10/04/20,17:42:36,470,81,532,45,650,58,516
10/04/20,17:42:37,470,42,532,37,650,51,516
10/04/20,17:42:38,470,69,532,76,650,56,516
10/04/20,17:42:39,470,-10,532,55,650,46,516
10/04/20,17:42:40,470,83,532,37,650,60,516
10/04/20,17:42:41,470,79,532,46,650,56,516
10/04/20,17:42:42,470,42,532,36,650,53,516
10/04/20,17:42:43,470,-19,532,41,650,46,516
10/04/20,17:42:45,470,24,532,55,650,50,516
10/04/20,17:42:46,470,14,532,70,650,50,516
10/04/20,17:42:47,470,79,532,71,650,57,516
10/04/20,17:42:48,470,78,532,71,650,56,516
10/04/20,17:42:49,470,63,532,71,650,57,516
10/04/20,17:42:50,470,54,532,72,650,55,516
10/04/20,17:42:51,470,64,532,61,650,56,516
10/04/20,17:42:53,470,22,532,69,650,50,516
10/04/20,17:42:54,470,70,532,70,650,55,516
10/04/20,17:42:55,470,53,532,68,650,53,516
10/04/20,17:42:56,470,25,532,62,650,51,516
10/04/20,17:42:57,470,46,532,70,650,52,516
10/04/20,17:42:58,470,77,532,74,650,58,516
10/04/20,17:42:59,470,36,532,67,650,50,516
10/04/20,17:43:00,470,72,532,73,650,57,516
10/04/20,17:43:02,470,-1,532,35,650,48,516
10/04/20,17:43:03,470,56,532,36,650,55,516
10/04/20,17:43:04,470,106,532,76,650,60,516
10/04/20,17:43:05,470,43,532,50,650,52,516
10/04/20,17:43:06,470,-5,532,63,650,49,516
10/04/20,17:43:07,470,9,532,44,650,47,516
10/04/20,17:43:08,470,-23,532,39,650,45,516
10/04/20,17:43:09,470,17,532,34,650,50,516
10/04/20,17:43:11,470,21,532,49,650,48,516
10/04/20,17:43:12,470,14,532,70,650,50,516
10/04/20,17:43:13,470,15,532,59,650,50,516
10/04/20,17:43:14,470,7,532,68,650,50,516
10/04/20,17:43:15,470,66,532,76,650,55,516
10/04/20,17:43:16,470,-14,532,70,650,47,516
10/04/20,17:43:17,470,-6,532,38,650,48,516
10/04/20,17:43:18,470,9,532,66,650,50,516
10/04/20,17:43:20,470,3,532,56,650,47,516
10/04/20,17:43:21,470,57,532,77,650,54,516
10/04/20,17:43:22,470,-3,532,69,650,48,516
10/04/20,17:43:23,470,-9,532,28,650,47,516
10/04/20,17:43:24,470,40,532,64,650,53,516
10/04/20,17:43:25,470,92,532,79,650,57,516
10/04/20,17:43:26,470,89,532,79,650,54,516
10/04/20,17:43:28,470,19,532,80,650,47,516
10/04/20,17:43:29,470,86,532,67,650,59,516
10/04/20,17:43:30,470,59,532,77,650,58,516
10/04/20,17:43:31,470,40,532,67,650,52,516
10/04/20,17:43:32,470,59,532,79,650,59,516
10/04/20,17:43:33,470,4,532,53,650,45,516
10/04/20,17:43:34,470,73,532,76,650,57,516
10/04/20,17:43:35,470,45,532,53,650,50,516
10/04/20,17:43:37,470,80,532,73,650,55,516
10/04/20,17:43:38,470,96,532,76,650,57,516
10/04/20,17:43:39,470,17,532,68,650,50,516
10/04/20,17:43:40,470,22,532,56,650,54,516
10/04/20,17:43:41,470,24,532,42,650,52,516
10/04/20,17:43:42,470,-19,532,49,650,45,516
10/04/20,17:43:43,470,0,532,58,650,49,516
10/04/20,17:43:44,470,-7,532,39,650,44,516
10/04/20,17:43:46,470,22,532,59,650,50,516
10/04/20,17:43:47,470,46,532,66,650,53,516
10/04/20,17:43:48,470,24,532,65,650,49,516
10/04/20,17:43:49,470,91,532,62,650,59,516
10/04/20,17:43:50,470,50,532,67,650,58,516
10/04/20,17:43:51,470,70,532,67,650,59,516
10/04/20,17:43:52,470,67,532,66,650,58,516
10/04/20,17:43:53,470,29,532,61,650,51,516
10/04/20,17:43:55,470,53,532,66,650,56,516
10/04/20,17:43:56,470,38,532,63,650,52,516
10/04/20,17:43:57,470,93,532,69,650,61,516
10/04/20,17:43:58,470,76,532,65,650,57,516
10/04/20,17:43:59,470,3,532,63,650,48,516
10/04/20,17:44:00,470,100,532,72,650,61,516
10/04/20,17:44:01,470,-2,532,37,650,46,516
10/04/20,17:44:02,470,5,532,38,650,49,516
10/04/20,17:44:04,470,-21,532,38,650,46,516
10/04/20,17:44:05,470,43,532,41,650,54,516
10/04/20,17:44:06,470,54,532,43,650,55,516
10/04/20,17:44:07,470,104,532,72,650,63,516
10/04/20,17:44:08,470,-14,532,49,650,45,516
10/04/20,17:44:09,470,13,532,45,650,50,516
10/04/20,17:44:10,470,10,532,45,650,50,516
10/04/20,17:44:12,470,86,532,63,650,61,516
10/04/20,17:44:13,470,8,532,58,650,49,516
10/04/20,17:44:14,470,62,532,66,650,59,516
10/04/20,17:44:18,470,65,532,55,650,53,516
10/04/20,17:44:19,470,54,532,53,650,54,516
10/04/20,17:44:21,470,71,532,55,650,57,516
10/04/20,17:44:22,470,82,532,57,650,57,516
10/04/20,17:44:23,470,78,532,57,650,58,516
10/04/20,17:44:24,470,91,532,55,650,61,516
10/04/20,17:44:25,470,116,532,58,650,61,516
10/04/20,17:44:26,470,54,532,54,650,53,516
10/04/20,17:44:27,470,-25,532,49,650,40,516
10/04/20,17:44:28,470,11,532,51,650,48,516
10/04/20,17:44:30,470,62,532,56,650,59,516
10/04/20,17:44:31,470,6,532,50,650,46,516
10/04/20,17:44:32,470,62,532,57,650,59,516
10/04/20,17:44:33,470,17,532,53,650,50,516
10/04/20,17:44:34,470,78,532,53,650,58,516
10/04/20,17:44:35,470,26,532,55,650,53,516
10/04/20,17:44:36,470,89,532,55,650,63,516
10/04/20,17:44:37,470,-1,532,52,650,51,516
10/04/20,17:44:39,470,-12,532,53,650,45,516
10/04/20,17:44:40,470,96,532,57,650,64,516
10/04/20,17:44:41,470,-15,532,53,650,51,516
10/04/20,17:44:42,470,-20,532,50,650,44,516
10/04/20,17:44:43,470,27,532,52,650,57,516
10/04/20,17:44:44,470,70,532,56,650,62,516
10/04/20,17:44:45,470,70,532,55,650,64,516
10/04/20,17:44:46,470,22,532,51,650,50,516
10/04/20,17:44:48,470,136,532,58,650,69,516
10/04/20,17:44:49,470,3,532,52,650,51,516
10/04/20,17:44:50,470,61,532,53,650,60,516
10/04/20,17:44:51,470,-20,532,51,650,52,516
10/04/20,17:44:52,470,-31,532,52,650,43,516
10/04/20,17:44:53,470,-60,532,50,650,44,516
10/04/20,17:44:54,470,-61,532,50,650,41,516
10/04/20,17:44:56,470,12,532,51,650,48,516
10/04/20,17:44:57,470,136,532,56,650,67,516
10/04/20,17:44:58,470,94,532,56,650,64,516
10/04/20,17:44:59,470,88,532,55,650,63,516
10/04/20,17:45:00,470,113,532,57,650,66,516
10/04/20,17:45:01,470,-35,532,52,650,41,516
10/04/20,17:45:02,470,113,532,59,650,67,516
10/04/20,17:45:03,470,13,532,52,650,45,516
10/04/20,17:45:05,470,29,532,50,650,50,516
10/04/20,17:45:06,470,-36,532,50,650,45,516
10/04/20,17:45:07,470,-29,532,51,650,45,516
10/04/20,17:45:08,470,78,532,56,650,56,516
10/04/20,17:45:09,470,91,532,54,650,60,516
10/04/20,17:45:10,470,-30,532,49,650,44,516
10/04/20,17:45:11,470,-22,532,50,650,45,516
10/04/20,17:45:12,470,-5,532,57,650,44,516
10/04/20,17:45:14,470,42,532,50,650,54,516
10/04/20,17:45:19,470,66,532,51,650,59,516
10/04/20,17:45:20,470,3,532,48,650,50,516
10/04/20,17:45:21,470,72,532,60,650,58,516
10/04/20,17:45:23,470,96,532,59,650,63,516
10/04/20,17:45:24,470,59,532,63,650,57,516
10/04/20,17:45:25,470,76,532,59,650,58,516
10/04/20,17:45:26,470,88,532,58,650,58,516
10/04/20,17:45:27,470,98,532,60,650,58,516
10/04/20,17:45:28,470,96,532,52,650,60,516
10/04/20,17:45:29,470,38,532,57,650,51,516
10/04/20,17:45:31,470,80,532,59,650,61,516
10/04/20,17:45:32,470,85,532,50,650,62,516
10/04/20,17:45:33,470,-7,532,56,650,46,516
10/04/20,17:45:34,470,91,532,60,650,58,516
10/04/20,17:45:35,470,88,532,58,650,56,516
10/04/20,17:45:36,470,84,532,53,650,56,516
10/04/20,17:45:37,470,53,532,51,650,54,516
10/04/20,17:45:38,470,-4,532,57,650,47,516
10/04/20,17:45:40,470,86,532,52,650,56,516
10/04/20,17:45:41,470,49,532,53,650,57,516
10/04/20,17:45:42,470,39,532,52,650,55,516
10/04/20,17:45:43,470,73,532,54,650,58,516
10/04/20,17:45:44,470,58,532,55,650,58,516
10/04/20,17:45:45,470,40,532,54,650,52,516
10/04/20,17:45:46,470,80,532,53,650,62,516
10/04/20,17:45:47,470,47,532,55,650,54,516
10/04/20,17:45:49,470,73,532,55,650,57,516
10/04/20,17:45:50,470,80,532,54,650,57,516
10/04/20,17:45:51,470,78,532,54,650,56,516
10/04/20,17:45:52,470,73,532,54,650,54,516
10/04/20,17:45:53,470,18,532,50,650,50,516
10/04/20,17:45:54,470,78,532,56,650,58,516
10/04/20,17:45:55,470,76,532,56,650,60,516
10/04/20,17:45:56,470,78,532,56,650,58,516
10/04/20,17:45:58,470,59,532,53,650,53,516
10/04/20,17:45:59,470,8,532,52,650,47,516
10/04/20,17:46:00,470,59,532,58,650,55,516
10/04/20,17:46:01,470,50,532,55,650,57,516
10/04/20,17:46:02,470,89,532,61,650,61,516
10/04/20,17:46:03,470,26,532,55,650,49,516
10/04/20,17:46:04,470,60,532,51,650,54,516
10/04/20,17:46:05,470,82,532,57,650,61,516
10/04/20,17:46:07,470,-15,532,47,650,47,516
10/04/20,17:46:08,470,-10,532,48,650,47,516
10/04/20,17:46:09,470,-2,532,50,650,46,516
10/04/20,17:46:10,470,40,532,52,650,52,516
10/04/20,17:46:11,470,17,532,50,650,50,516
10/04/20,17:46:12,470,84,532,56,650,55,516
10/04/20,17:46:13,470,78,532,58,650,56,516
10/04/20,17:46:15,470,82,532,58,650,59,516
10/04/20,17:46:16,470,84,532,56,650,56,516
10/04/20,17:46:17,470,57,532,53,650,54,516
10/04/20,17:46:18,470,72,532,56,650,56,516
10/04/20,17:46:19,470,80,532,55,650,58,516
10/04/20,17:46:20,470,44,532,52,650,50,516
10/04/20,17:46:21,470,4,532,51,650,46,516
10/04/20,17:46:22,470,75,532,58,650,58,516
10/04/20,17:46:24,470,83,532,57,650,60,516
10/04/20,17:46:25,470,83,532,56,650,59,516
10/04/20,17:46:26,470,74,532,56,650,58,516
10/04/20,17:46:27,470,55,532,57,650,53,516
10/04/20,17:46:28,470,83,532,58,650,58,516
10/04/20,17:46:29,470,81,532,50,650,58,516
10/04/20,17:46:30,470,29,532,50,650,50,516
10/04/20,17:46:31,470,84,532,55,650,60,516
10/04/20,17:46:33,470,38,532,57,650,56,516
10/04/20,17:46:34,470,48,532,52,650,55,516
10/04/20,17:46:35,470,41,532,56,650,53,516
10/04/20,17:46:36,470,17,532,50,650,49,516
10/04/20,17:46:37,470,44,532,54,650,55,516
10/04/20,17:46:38,470,26,532,62,650,53,516
10/04/20,17:46:39,470,48,532,45,650,54,516
10/04/20,17:46:40,470,49,532,59,650,50,516
10/04/20,17:46:42,470,38,532,43,650,54,516
10/04/20,17:46:43,470,45,532,62,650,54,516
10/04/20,17:46:44,470,43,532,37,650,52,516
10/04/20,17:46:45,470,44,532,48,650,55,516
10/04/20,17:46:46,470,44,532,57,650,56,516
10/04/20,17:46:47,470,44,532,50,650,55,516
10/04/20,17:46:48,470,41,532,38,650,50,516
10/04/20,17:46:52,470,41,532,51,650,50,516
10/04/20,17:46:53,470,44,532,37,650,56,516
10/04/20,17:46:54,470,46,532,62,650,51,516
10/04/20,17:46:55,470,41,532,31,650,50,516
10/04/20,17:46:56,470,45,532,56,650,57,516
10/04/20,17:46:57,470,48,532,47,650,54,516
10/04/20,17:46:59,470,45,532,29,650,50,516
10/04/20,17:47:00,470,44,532,71,650,55,516
10/04/20,17:47:01,470,42,532,28,650,52,516
10/04/20,17:47:02,470,41,532,36,650,52,516
10/04/20,17:47:03,470,41,532,28,650,51,516
10/04/20,17:47:04,470,42,532,35,650,50,516
10/04/20,17:47:05,470,40,532,35,650,51,516
10/04/20,17:47:06,470,42,532,59,650,52,516
10/04/20,17:47:08,470,43,532,37,650,50,516
10/04/20,17:47:09,470,43,532,44,650,55,516
10/04/20,17:47:10,470,46,532,77,650,51,516
10/04/20,17:47:11,470,42,532,69,650,52,516
10/04/20,17:47:12,470,45,532,30,650,52,516
10/04/20,17:47:13,470,43,532,30,650,52,516
10/04/20,17:47:14,470,46,532,29,650,51,516
10/04/20,17:47:15,470,41,532,65,650,54,516
10/04/20,17:47:17,470,44,532,62,650,51,516
10/04/20,17:47:18,470,46,532,78,650,52,516
10/04/20,17:47:19,470,44,532,70,650,53,516
10/04/20,17:47:20,470,43,532,62,650,55,516
10/04/20,17:47:21,470,45,532,66,650,52,516
10/04/20,17:47:22,470,45,532,50,650,53,516
10/04/20,17:47:23,470,41,532,32,650,51,516
10/04/20,17:47:24,470,44,532,40,650,53,516
10/04/20,17:47:26,470,45,532,57,650,54,516
10/04/20,17:47:27,470,43,532,37,650,52,516
10/04/20,17:47:28,470,43,532,48,650,51,516
10/04/20,17:47:29,470,45,532,81,650,53,516
10/04/20,17:47:30,470,45,532,84,650,55,516
10/04/20,17:47:31,470,44,532,25,650,55,516
10/04/20,17:47:32,470,45,532,59,650,52,516
10/04/20,17:47:33,470,42,532,76,650,50,516
10/04/20,17:47:35,470,43,532,77,650,53,516
10/04/20,17:47:36,470,44,532,39,650,54,516
10/04/20,17:47:37,470,44,532,12,650,51,516
10/04/20,17:47:38,470,44,532,73,650,51,516
10/04/20,17:47:39,470,42,532,10,650,54,516
10/04/20,17:47:40,470,44,532,71,650,51,516
10/04/20,17:47:41,470,43,532,50,650,54,516
10/04/20,17:47:43,470,43,532,9,650,54,516
10/04/20,17:47:44,470,42,532,24,650,51,516
10/04/20,17:47:45,470,42,532,61,650,52,516
10/04/20,17:47:46,470,44,532,96,650,51,516
10/04/20,17:47:47,470,44,532,103,650,52,516
10/04/20,17:47:48,470,46,532,99,650,53,516
10/04/20,17:47:49,470,45,532,83,650,51,516
10/04/20,17:47:50,470,43,532,63,650,51,516
10/04/20,17:47:52,470,43,532,15,650,53,516
10/04/20,17:47:53,470,47,532,64,650,51,516
10/04/20,17:47:54,470,42,532,96,650,52,516
10/04/20,17:47:55,470,45,532,96,650,51,516
10/04/20,17:47:56,470,43,532,95,650,52,516
10/04/20,17:47:57,470,44,532,92,650,51,516
10/04/20,17:47:58,470,44,532,66,650,50,516
10/04/20,17:47:59,470,42,532,14,650,53,516
10/04/20,17:48:01,470,41,532,62,650,53,516
10/04/20,17:48:02,470,43,532,20,650,55,516
10/04/20,17:48:03,470,43,532,18,650,53,516
10/04/20,17:48:04,470,44,532,24,650,52,516
10/04/20,17:48:05,470,43,532,49,650,50,516
10/04/20,17:48:06,470,44,532,91,650,50,516
10/04/20,17:48:07,470,45,532,69,650,54,516
10/04/20,17:48:08,470,46,532,48,650,52,516
10/04/20,17:48:10,470,42,532,10,650,54,516
10/04/20,17:48:11,470,44,532,52,650,52,516
10/04/20,17:48:12,470,43,532,95,650,54,516
10/04/20,17:48:13,470,41,532,92,650,53,516
10/04/20,17:48:14,470,42,532,94,650,51,516
10/04/20,17:48:15,470,44,532,91,650,50,516
10/04/20,17:48:16,470,42,532,100,650,52,516
10/04/20,17:48:18,470,45,532,93,650,52,516
10/04/20,17:48:19,470,44,532,99,650,50,516
10/04/20,17:48:20,470,43,532,91,650,52,516
10/04/20,17:48:21,470,44,532,97,650,50,516
10/04/20,17:48:22,470,44,532,97,650,52,516
10/04/20,17:48:23,470,42,532,96,650,50,516
10/04/20,17:48:24,470,45,532,68,650,52,516
10/04/20,17:48:25,470,47,532,50,650,51,516
10/04/20,17:48:27,470,39,532,48,650,50,516
10/04/20,17:48:28,470,47,532,92,650,52,516
10/04/20,17:48:29,470,42,532,96,650,53,516
10/04/20,17:48:30,470,40,532,94,650,53,516
10/04/20,17:48:31,470,36,532,42,650,51,516
10/04/20,17:48:32,470,38,532,26,650,52,516
10/04/20,17:48:33,470,50,532,72,650,51,516
10/04/20,17:48:34,470,38,532,42,650,52,516
10/04/20,17:48:36,470,40,532,35,650,52,516
10/04/20,17:48:37,470,44,532,66,650,53,516
10/04/20,17:48:38,470,45,532,72,650,51,516
10/04/20,17:48:39,470,43,532,68,650,53,516
10/04/20,17:48:40,470,39,532,74,650,52,516
10/04/20,17:48:41,470,50,532,71,650,53,516
10/04/20,17:48:42,470,50,532,78,650,52,516
10/04/20,17:48:43,470,49,532,90,650,52,516
10/04/20,17:48:45,470,46,532,58,650,53,516
10/04/20,17:48:46,470,32,532,19,650,52,516
10/04/20,17:48:47,470,53,532,84,650,52,516
10/04/20,17:48:48,470,46,532,61,650,51,516
10/04/20,17:48:49,470,28,532,16,650,51,516
10/04/20,17:48:50,470,59,532,86,650,54,516
10/04/20,17:48:51,470,53,532,100,650,54,516
10/04/20,17:48:52,470,44,532,94,650,51,516
10/04/20,17:48:54,470,42,532,97,650,53,516
10/04/20,17:48:55,470,42,532,96,650,53,516
10/04/20,17:48:56,470,55,532,103,650,50,516
10/04/20,17:48:57,470,57,532,90,650,57,516
10/04/20,17:48:58,470,27,532,84,650,50,516
10/04/20,17:48:59,470,71,532,85,650,53,516
10/04/20,17:49:00,470,71,532,90,650,55,516
10/04/20,17:49:02,470,16,532,13,650,50,516
10/04/20,17:49:03,470,48,532,14,650,52,516
10/04/20,17:49:04,470,51,532,49,650,52,516
10/04/20,17:49:05,470,49,532,100,650,54,516
10/04/20,17:49:06,470,44,532,44,650,54,516
10/04/20,17:49:07,470,32,532,65,650,52,516
10/04/20,17:49:08,470,41,532,59,650,53,516
10/04/20,17:49:09,470,46,532,86,650,51,516
10/04/20,17:49:11,470,29,532,22,650,50,516
10/04/20,17:49:12,470,66,532,95,650,56,516
10/04/20,17:49:13,470,45,532,89,650,53,516
10/04/20,17:49:14,470,64,532,96,650,53,516
10/04/20,17:49:15,470,43,532,96,650,53,516
10/04/20,17:49:16,470,63,532,95,650,56,516
10/04/20,17:49:17,470,40,532,96,650,53,516
10/04/20,17:49:18,470,52,532,101,650,52,516
10/04/20,17:49:20,470,55,532,98,650,52,516
10/04/20,17:49:21,470,23,532,79,650,49,516
10/04/20,17:49:22,470,52,532,89,650,56,516
10/04/20,17:49:23,470,70,532,88,650,55,516
10/04/20,17:49:24,470,39,532,91,650,53,516
10/04/20,17:49:25,470,66,532,98,650,57,516
10/04/20,17:49:26,470,28,532,92,650,51,516
10/04/20,17:49:27,470,56,532,98,650,54,516
10/04/20,17:49:29,470,50,532,88,650,55,516
10/04/20,17:49:30,470,71,532,90,650,56,516
10/04/20,17:49:31,470,56,532,90,650,54,516
10/04/20,17:49:32,470,70,532,90,650,57,516
10/04/20,17:49:33,470,64,532,89,650,55,516
10/04/20,17:49:34,470,16,532,69,650,48,516
10/04/20,17:49:35,470,47,532,56,650,54,516
10/04/20,17:49:36,470,77,532,16,650,56,516
10/04/20,17:49:38,470,8,532,68,650,48,516
10/04/20,17:49:39,470,56,532,57,650,55,516
10/04/20,17:49:40,470,78,532,95,650,56,516
10/04/20,17:49:41,470,47,532,94,650,53,516
10/04/20,17:49:42,470,36,532,100,650,51,516
10/04/20,17:49:43,470,75,532,106,650,55,516
10/04/20,17:49:44,470,29,532,109,650,50,516
10/04/20,17:49:46,470,23,532,109,650,48,516
10/04/20,17:49:47,470,89,532,82,650,58,516
10/04/20,17:49:48,470,82,532,85,650,57,516
10/04/20,17:49:49,470,94,532,75,650,57,516
10/04/20,17:49:50,470,-3,532,105,650,47,516
10/04/20,17:49:51,470,10,532,41,650,49,516
10/04/20,17:49:52,470,92,532,81,650,56,516
10/04/20,17:49:53,470,70,532,90,650,56,516
10/04/20,17:49:55,470,7,532,87,650,48,516
10/04/20,17:49:56,470,90,532,110,650,56,516
10/04/20,17:49:57,470,46,532,100,650,51,516
10/04/20,17:49:58,470,2,532,97,650,50,516
10/04/20,17:49:59,470,95,532,100,650,59,516
10/04/20,17:50:00,470,99,532,97,650,62,516
10/04/20,17:50:01,470,-7,532,2,650,45,516
10/04/20,17:50:02,470,16,532,-1,650,50,516
10/04/20,17:50:04,470,-10,532,7,650,46,516
10/04/20,17:50:05,470,8,532,3,650,51,516
10/04/20,17:50:06,470,14,532,-1,650,50,516
10/04/20,17:50:07,470,38,532,106,650,51,516
10/04/20,17:50:08,470,-4,532,24,650,45,516
10/04/20,17:50:09,470,8,532,-3,650,51,516
10/04/20,17:50:10,470,85,532,99,650,59,516
10/04/20,17:50:11,470,84,532,98,650,59,516
10/04/20,17:50:13,470,84,532,102,650,56,516
10/04/20,17:50:14,470,37,532,107,650,52,516
10/04/20,17:50:15,470,66,532,110,650,54,516
10/04/20,17:50:16,470,10,532,96,650,50,516
10/04/20,17:50:17,470,45,532,108,650,52,516
10/04/20,17:50:18,470,24,532,105,650,50,516
10/04/20,17:50:19,470,69,532,101,650,55,516
10/04/20,17:50:21,470,0,532,86,650,46,516
10/04/20,17:50:22,470,39,532,70,650,49,516
10/04/20,17:50:23,470,86,532,81,650,61,516
10/04/20,17:50:24,470,59,532,102,650,58,516
10/04/20,17:50:25,470,-5,532,75,650,49,516
10/04/20,17:50:26,470,-3,532,53,650,49,516
10/04/20,17:50:27,470,-12,532,45,650,45,516
10/04/20,17:50:28,470,-5,532,88,650,50,516
10/04/20,17:50:30,470,-33,532,15,650,42,516
10/04/20,17:50:31,470,18,532,51,650,49,516
10/04/20,17:50:32,470,-22,532,80,650,48,516
10/04/20,17:50:33,470,110,532,39,650,65,516
10/04/20,17:50:34,470,46,532,49,650,54,516
10/04/20,17:50:35,470,62,532,73,650,48,516
10/04/20,17:50:36,470,89,532,34,650,63,516
10/04/20,17:50:37,470,75,532,69,650,62,516
10/04/20,17:50:39,470,48,532,55,650,55,516
10/04/20,17:50:40,470,59,532,68,650,61,516
10/04/20,17:50:41,470,36,532,59,650,55,516
10/04/20,17:50:42,470,40,532,61,650,58,516
10/04/20,17:50:43,470,84,532,67,650,64,516
10/04/20,17:50:44,470,49,532,64,650,57,516
10/04/20,17:50:45,470,102,532,68,650,65,516
10/04/20,17:50:46,470,110,532,65,650,63,516
10/04/20,17:50:48,470,64,532,59,650,61,516
10/04/20,17:50:49,470,18,532,51,650,55,516
10/04/20,17:50:50,470,5,532,50,650,48,516
10/04/20,17:50:51,470,114,532,60,650,59,516
10/04/20,17:50:52,470,110,532,56,650,62,516
10/04/20,17:50:53,470,51,532,52,650,52,516
10/04/20,17:50:54,470,-12,532,50,650,40,516
10/04/20,17:50:55,470,-19,532,51,650,40,516
10/04/20,17:50:57,470,-27,532,54,650,41,516
10/04/20,17:50:58,470,-33,532,52,650,41,516
10/04/20,17:50:59,470,-28,532,52,650,42,516
10/04/20,17:52:58,470,45,532,50,650,53,516
10/04/20,17:53:00,470,44,532,28,650,52,516
10/04/20,17:53:01,470,44,532,86,650,52,516
10/04/20,17:53:02,470,43,532,82,650,51,516
10/04/20,17:53:03,470,43,532,24,650,53,516
10/04/20,17:53:04,470,43,532,45,650,53,516
10/04/20,17:53:05,470,43,532,79,650,52,516
10/04/20,17:53:06,470,46,532,25,650,52,516
10/04/20,17:53:08,470,41,532,24,650,52,516
10/04/20,17:53:09,470,43,532,31,650,50,516
10/04/20,17:53:10,470,45,532,50,650,52,516
10/04/20,17:53:11,470,45,532,85,650,52,516
10/04/20,17:53:12,470,44,532,78,650,53,516
10/04/20,17:53:13,470,45,532,78,650,52,516
10/04/20,17:53:14,470,44,532,50,650,50,516
10/04/20,17:53:15,470,43,532,40,650,51,516
10/04/20,17:53:17,470,42,532,50,650,54,516
10/04/20,17:53:18,470,45,532,86,650,52,516
10/04/20,17:53:19,470,44,532,56,650,51,516
10/04/20,17:53:20,470,44,532,26,650,53,516
